{
 "cells": [
  {
   "cell_type": "code",
   "execution_count": 2,
   "id": "be37d010",
   "metadata": {},
   "outputs": [],
   "source": [
    "import json\n",
    "import pennylane as qml\n",
    "import pennylane.numpy as np\n",
    "# import jax\n",
    "# from jax import numpy as jnp"
   ]
  },
  {
   "cell_type": "code",
   "execution_count": 84,
   "id": "f966567f",
   "metadata": {},
   "outputs": [
    {
     "name": "stdout",
     "output_type": "stream",
     "text": [
      "Running test case 0 with input '[0.863327072347624,0.0167108057202516,0.07991447085492759,0.0854049026262154,0.0167108057202516,0.8237963773906136,-0.07695947154193797,0.03131548733285282,0.07991447085492759,-0.07695947154193795,0.8355417021014687,-0.11345916130631205,0.08540490262621539,0.03131548733285283,-0.11345916130631205,0.758156886827099]'...\n",
      "[ 0.86332707  0.01671081  0.07991447  0.0854049   0.01671081  0.82379638\n",
      " -0.07695947  0.03131549  0.07991447 -0.07695947  0.8355417  -0.11345916\n",
      "  0.0854049   0.03131549 -0.11345916  0.75815689]\n",
      "Correct!\n",
      "Running test case 1 with input '[0.32158897156285354,-0.20689268438270836,0.12366748295758379,-0.11737425017261123,-0.20689268438270836,0.7747346055276305,-0.05159966365446514,0.08215539696259792,0.12366748295758379,-0.05159966365446514,0.5769050487087416,0.3853362904758938,-0.11737425017261123,0.08215539696259792,0.3853362904758938,0.3986256655167206]'...\n",
      "[ 0.32158897 -0.20689268  0.12366748 -0.11737425 -0.20689268  0.77473461\n",
      " -0.05159966  0.0821554   0.12366748 -0.05159966  0.57690505  0.38533629\n",
      " -0.11737425  0.0821554   0.38533629  0.39862567]\n",
      "Correct!\n"
     ]
    }
   ],
   "source": [
    "import json\n",
    "import pennylane as qml\n",
    "import pennylane.numpy as np\n",
    "\n",
    "WIRES = 2\n",
    "LAYERS = 5\n",
    "NUM_PARAMETERS = LAYERS * WIRES * 3\n",
    "# ins = np.array([0.32158897156285354,-0.20689268438270836,0.12366748295758379,-0.11737425017261123,-0.20689268438270836,0.7747346055276305,-0.05159966365446514,0.08215539696259792,0.12366748295758379,-0.05159966365446514,0.5769050487087416,0.3853362904758938,-0.11737425017261123,0.08215539696259792,0.3853362904758938,0.3986256655167206])\n",
    "\n",
    "# hamiltonian1 = np.array(ins,float).reshape((2 ** WIRES), (2 ** WIRES))\n",
    "# params1 = np.random.random(NUM_PARAMETERS)\n",
    "\n",
    "def variational_circuit(params,hamiltonian):\n",
    "    \n",
    "    parameters = params.reshape((LAYERS, WIRES, 3))\n",
    "    qml.templates.StronglyEntanglingLayers(parameters, wires=range(WIRES))\n",
    "    return qml.expval(qml.Hermitian(hamiltonian, wires = [0,1]))\n",
    "\n",
    "def optimize_circuit(params,hamiltonian):\n",
    "\n",
    "    angle = [params]\n",
    "    dev = qml.device(\"default.qubit\", wires = WIRES)# Initialize the device.\n",
    "\n",
    "    circuit = qml.QNode(variational_circuit, dev, interface=\"autograd\", diff_method=\"parameter-shift\")\n",
    "\n",
    "    cost = [circuit(params,hamiltonian)]\n",
    "    # print(cost)\n",
    "    opt = qml.AdagradOptimizer(stepsize=0.02, eps=1e-08) # Our optimizer!\n",
    "   \n",
    "    conv_tol = 1e-06 # Convergence threshold to stop our optimization procedure\n",
    "    \n",
    "    while(True):\n",
    "        \n",
    "        params,prev_cost = opt.step_and_cost(circuit,params,hamiltonian)\n",
    "        params = params[0]\n",
    "    #     print(params)\n",
    "    #     print(prev_cost)\n",
    "        cost.append(circuit(params,hamiltonian))\n",
    "        angle.append(params)\n",
    "    #     print(\"==================\")\n",
    "    # #     print(cost)\n",
    "    #     print(\"**********************\")\n",
    "    #     print(prev_cost)\n",
    "        conv = np.abs(cost[-1] - prev_cost)\n",
    "        \n",
    "        if conv <= conv_tol:\n",
    "            break\n",
    "       \n",
    "        \n",
    "    return np.array(cost[-1])\n",
    "\n",
    "# q = optimize_circuit(params1,hamiltonian1)\n",
    "# print(q)\n",
    "\n",
    "# print(\"\\n\" f\"Final value of the cost function = {cost[-1]:.8f} \")\n",
    "# print(\"\\n\" f\"Optimal value of the first circuit parameter =    \"  + str(angle[-1][0]))\n",
    "# print(\"\\n\" f\"Optimal value of the second circuit parameter =    \"  + str(angle[-1][1]))\n",
    "    \n",
    "      \n",
    "    \n",
    "    \n",
    "    \n",
    "    \n",
    "\n",
    "# These functions are responsible for testing the solution.\n",
    "def run(test_case_input: str) -> str:\n",
    "       \n",
    "    ins = np.array(json.loads(test_case_input), requires_grad = False)\n",
    "    print(ins)\n",
    "    hamiltonian = np.array(ins,float).reshape((2 ** WIRES), (2 ** WIRES))\n",
    "    np.random.seed(1967)\n",
    "    initial_params = np.random.random(NUM_PARAMETERS)\n",
    "    out = str(optimize_circuit(initial_params,hamiltonian))    \n",
    "    \n",
    "    return out\n",
    "\n",
    "\n",
    "def check(solution_output: str, expected_output: str) -> None:\n",
    "    solution_output = json.loads(solution_output)\n",
    "    expected_output = json.loads(expected_output)\n",
    "    assert np.isclose(solution_output, expected_output, rtol=5e-2)\n",
    "\n",
    "\n",
    "# These are the public test cases\n",
    "test_cases = [\n",
    "    ('[0.863327072347624,0.0167108057202516,0.07991447085492759,0.0854049026262154,0.0167108057202516,0.8237963773906136,-0.07695947154193797,0.03131548733285282,0.07991447085492759,-0.07695947154193795,0.8355417021014687,-0.11345916130631205,0.08540490262621539,0.03131548733285283,-0.11345916130631205,0.758156886827099]', '0.61745341'),\n",
    "    ('[0.32158897156285354,-0.20689268438270836,0.12366748295758379,-0.11737425017261123,-0.20689268438270836,0.7747346055276305,-0.05159966365446514,0.08215539696259792,0.12366748295758379,-0.05159966365446514,0.5769050487087416,0.3853362904758938,-0.11737425017261123,0.08215539696259792,0.3853362904758938,0.3986256655167206]', '0.00246488')\n",
    "]\n",
    "\n",
    "# This will run the public test cases locally\n",
    "for i, (input_, expected_output) in enumerate(test_cases):\n",
    "    print(f\"Running test case {i} with input '{input_}'...\")\n",
    "\n",
    "    try:\n",
    "        output = run(input_)\n",
    "\n",
    "    except Exception as exc:\n",
    "        print(f\"Runtime Error. {exc}\")\n",
    "\n",
    "    else:\n",
    "        if message := check(output, expected_output):\n",
    "            print(f\"Wrong Answer. Have: '{output}'. Want: '{expected_output}'.\")\n",
    "\n",
    "        else:\n",
    "            print(\"Correct!\")"
   ]
  },
  {
   "cell_type": "code",
   "execution_count": 80,
   "id": "5ceab565",
   "metadata": {},
   "outputs": [
    {
     "data": {
      "text/plain": [
       "True"
      ]
     },
     "execution_count": 80,
     "metadata": {},
     "output_type": "execute_result"
    }
   ],
   "source": []
  },
  {
   "cell_type": "code",
   "execution_count": 101,
   "id": "6dfee7d4",
   "metadata": {},
   "outputs": [
    {
     "name": "stdout",
     "output_type": "stream",
     "text": [
      "Running test case 0 with input '[[0.70710678,  0.70710678], [0.70710678, -0.70710678]]'...\n",
      "Correct!\n",
      "Running test case 1 with input '[[0.8660254, -0.5],[0.5, 0.8660254]]'...\n",
      "Correct!\n"
     ]
    }
   ],
   "source": [
    "import json\n",
    "import numpy as np\n",
    "\n",
    "def initialize_state():\n",
    "    \"\"\"\n",
    "    Prepare a qubit in state |0>.\n",
    "\n",
    "    Returns:\n",
    "        array[float]: the vector representation of state |0>.\n",
    "    \"\"\"\n",
    "\n",
    "\n",
    "    # PREPARE THE STATE |0>\n",
    "    return np.array([1,0])\n",
    "\n",
    "def apply_u(U, state):\n",
    "    \"\"\"\n",
    "    Apply the quantum operation U on the state\n",
    "\n",
    "    Args:\n",
    "        U (np.array(array(complex))): A (2,2) numpy array with complex entries \n",
    "        representing a unitary matrix.\n",
    "        state (np.array(complex)): A (2,) numpy array with complex entries \n",
    "        representing a quantum state.\n",
    "    \n",
    "    Returns:\n",
    "        (np.array(complex)): The state vector after applying U to state.\n",
    "    \"\"\"\n",
    "\n",
    "\n",
    "    # Put your code here #\n",
    "    return np.dot(U, state)\n",
    "\n",
    "def measure_state(state, num_meas):\n",
    "    \"\"\"\n",
    "    Measure a quantum state num_meas times.\n",
    "\n",
    "    Args:\n",
    "        state (np.array(complex)): A (2,) numpy array with complex entries\n",
    "        representing a quantum state.\n",
    "        num_meas(float): The number of computational basis measurements on state.\n",
    "        \n",
    "    Returns:\n",
    "        (np.array(int)) A (num_meas,) numpy array of zeros and ones, representing\n",
    "        measurement outcomes on the state\n",
    "    \"\"\"\n",
    "\n",
    "\n",
    "    # Your code here #\n",
    "        # Your code here #\n",
    "    state_0 = initialize_state()\n",
    "    state_1 = np.array([0,1])\n",
    "    # meas_0 = np.outer(state_0, np.conj(state_0)) \n",
    "    # meas_1 = np.outer(state_1, np.conj(state_1))\n",
    "#     temp_0 = apply_u( np.outer(state_0, np.conj(state_0)) , state )\n",
    "#     temp_1 = apply_u( np.outer(state_1, np.conj(state_1)),  state )\n",
    "    prob_0 = np.dot(np.conj(state), apply_u( np.outer(state_0, np.conj(state_0)) , state ))\n",
    "    prob_1 = np.dot(np.conj(state), apply_u( np.outer(state_1, np.conj(state_1)),  state ) )\n",
    "    return np.random.choice([0, 1], size=num_meas, p=[prob_0, prob_1])\n",
    "    \n",
    "def quantum_algorithm(U):\n",
    "    \"\"\"\n",
    "    Use the functions above to implement the quantum algorithm described above.\n",
    "\n",
    "    Try and do so using three lines of code or less!\n",
    "\n",
    "    Args:\n",
    "        U (np.array(array(complex))): A (2,2) numpy array with complex entries\n",
    "        representing a unitary matrix.\n",
    "\n",
    "    Returns:\n",
    "        np.array(int): the measurement results after running the algorithm 20 times\n",
    "    \"\"\"\n",
    "\n",
    "\n",
    "    # PREPARE THE STATE, APPLY U, THEN TAKE 20 MEASUREMENT SAMPLES\n",
    "    ini_state = initialize_state()\n",
    "    state = apply_u(U, ini_state)\n",
    "    return measure_state(state, 20)\n",
    "\n",
    "# These functions are responsible for testing the solution.\n",
    "def run(test_case_input: str) -> str:\n",
    "    np.random.seed(0)\n",
    "    ins = json.loads(test_case_input)\n",
    "    output = quantum_algorithm(ins).tolist()\n",
    "    return str(output)\n",
    "\n",
    "\n",
    "def check(solution_output: str, expected_output: str) -> None:\n",
    "    \n",
    "    solution_output = json.loads(solution_output)\n",
    "    expected_output = json.loads(expected_output)\n",
    "    \n",
    "    initial_state = initialize_state()\n",
    "\n",
    "    assert isinstance(\n",
    "        initial_state, np.ndarray\n",
    "    ), \"The output of your initialize_state function should be a numpy array\"\n",
    "\n",
    "    assert np.allclose(\n",
    "        initial_state, np.array([1, 0])\n",
    "    ), \"The output of your initialize_state function isn't quite right\"\n",
    "\n",
    "    U_test = [[0.70710678, 0.70710678], [0.70710678, -0.70710678]]\n",
    "\n",
    "    assert np.allclose(\n",
    "        apply_u(U_test, np.array([1, 0])), [0.70710678, 0.70710678]\n",
    "    ), \"Your output of apply_u isn't quite right\"\n",
    "\n",
    "    sample_list = measure_state([0.70710678, 0.70710678], 100).tolist()\n",
    "\n",
    "    assert (\n",
    "        sample_list.count(0) + sample_list.count(1) == 100\n",
    "    ), \"Your measure_state function isn't quite right\"\n",
    "\n",
    "    sample_list_2 = quantum_algorithm(U_test).tolist()\n",
    "\n",
    "    assert (\n",
    "        sample_list_2.count(0) + sample_list_2.count(1) == 20\n",
    "    ), \"Your quantum_algorithm function isn't quite right\"\n",
    "    \n",
    "    assert np.allclose(solution_output, expected_output)\n",
    "\n",
    "\n",
    "# These are the public test cases\n",
    "test_cases = [\n",
    "    ('[[0.70710678,  0.70710678], [0.70710678, -0.70710678]]', '[1, 1, 1, 1, 0, 1, 0, 1, 1, 0, 1, 1, 1, 1, 0, 0, 0, 1, 1, 1]'),\n",
    "    ('[[0.8660254, -0.5],[0.5, 0.8660254]]', '[0, 0, 0, 0, 0, 0, 0, 1, 1, 0, 1, 0, 0, 1, 0, 0, 0, 1, 1, 1]')\n",
    "]\n",
    "\n",
    "# This will run the public test cases locally\n",
    "for i, (input_, expected_output) in enumerate(test_cases):\n",
    "    print(f\"Running test case {i} with input '{input_}'...\")\n",
    "\n",
    "    try:\n",
    "        output = run(input_)\n",
    "\n",
    "    except Exception as exc:\n",
    "        print(f\"Runtime Error. {exc}\")\n",
    "\n",
    "    else:\n",
    "        if message := check(output, expected_output):\n",
    "            print(f\"Wrong Answer. Have: '{output}'. Want: '{expected_output}'.\")\n",
    "\n",
    "        else:\n",
    "            print(\"Correct!\")"
   ]
  },
  {
   "cell_type": "code",
   "execution_count": 99,
   "id": "132b5ffa",
   "metadata": {},
   "outputs": [
    {
     "data": {
      "text/plain": [
       "array([[1, 0],\n",
       "       [0, 0]])"
      ]
     },
     "execution_count": 99,
     "metadata": {},
     "output_type": "execute_result"
    }
   ],
   "source": [
    "U_test = [[0.70710678, 0.70710678], [0.70710678, -0.70710678]]\n",
    "row_vector = np.array([1,0])\n",
    "np.outer(row_vector, np.conj(row_vector))"
   ]
  },
  {
   "cell_type": "code",
   "execution_count": 100,
   "id": "abf20203",
   "metadata": {},
   "outputs": [
    {
     "data": {
      "text/plain": [
       "array([1, 0])"
      ]
     },
     "execution_count": 100,
     "metadata": {},
     "output_type": "execute_result"
    }
   ],
   "source": []
  },
  {
   "cell_type": "code",
   "execution_count": null,
   "id": "cf2debc1",
   "metadata": {},
   "outputs": [],
   "source": []
  }
 ],
 "metadata": {
  "kernelspec": {
   "display_name": "Python 3 (ipykernel)",
   "language": "python",
   "name": "python3"
  },
  "language_info": {
   "codemirror_mode": {
    "name": "ipython",
    "version": 3
   },
   "file_extension": ".py",
   "mimetype": "text/x-python",
   "name": "python",
   "nbconvert_exporter": "python",
   "pygments_lexer": "ipython3",
   "version": "3.11.5"
  }
 },
 "nbformat": 4,
 "nbformat_minor": 5
}
